CHARACTER & ULTIMATE STATS EXPORT
===================================

HERO: Avatar
ULTIMATE: Unknown (Avatar)
------------------------------------------
Level  | Hero HP         | Hero Power     
------------------------------------------
1      | 200.0000        | 3000.0000      
2      | 260.0000        | 3900.0000      
3      | 320.0000        | 4800.0000      
4      | 380.0000        | 5700.0000      
5      | 440.0000        | 6600.0000      
6      | 500.0000        | 7500.0000      
7      | 560.0000        | 8400.0000      
8      | 620.0000        | 9300.0000      
9      | 680.0000        | 10200.0000     
10     | 740.0000        | 11100.0000     
11     | 543.0000        | 2710.0000      
12     | 577.0000        | 2890.0000      
13     | 611.0000        | 3060.0000      
14     | 646.0000        | 3230.0000      
15     | 680.0000        | 3400.0000      
16     | 704.0000        | 3520.0000      
17     | 728.0000        | 3640.0000      
18     | 752.0000        | 3760.0000      
19     | 776.0000        | 3880.0000      
20     | 800.0000        | 4000.0000      
21     | 824.0000        | 4120.0000      
22     | 848.0000        | 4240.0000      
23     | 872.0000        | 4360.0000      
24     | 896.0000        | 4480.0000      
25     | 920.0000        | 4600.0000      
26     | 936.0000        | 4680.0000      
27     | 952.0000        | 4760.0000      
28     | 968.0000        | 4840.0000      
29     | 984.0000        | 4920.0000      
30     | 1000.0000       | 5000.0000      

================================================================================
HERO: Celeste
ULTIMATE: HoverBoard (Celeste)
------------------------------------------------------------------------------------------------
Level  | Hero HP         | Hero Power      | Ult Damage      | Ult Fire Rate   | Ult Power      
------------------------------------------------------------------------------------------------
1      | 320.0000        | 4800.0000       | 64.0000         | 1600.0000       | 1300.0000      
2      | 373.0000        | 5600.0000       | 75.0000         | 1870.0000       | 1300.0000      
3      | 427.0000        | 6400.0000       | 85.0000         | 2130.0000       | 1300.0000      
4      | 480.0000        | 7200.0000       | 96.0000         | 2400.0000       | 1300.0000      
5      | 533.0000        | 8000.0000       | 107.0000        | 2670.0000       | 1300.0000      
6      | 587.0000        | 8800.0000       | 117.0000        | 2930.0000       | 1300.0000      
7      | 640.0000        | 9600.0000       | 128.0000        | 3200.0000       | 1300.0000      
8      | 693.0000        | 10400.0000      | 139.0000        | 3470.0000       | 1300.0000      
9      | 747.0000        | 11200.0000      | 149.0000        | 3730.0000       | 1300.0000      
10     | 800.0000        | 12000.0000      | 160.0000        | 4000.0000       | 1300.0000      
11     | 762.0000        | 3810.0000       | 0.0000          | 0.0000          | 0.0000         
12     | 798.0000        | 3990.0000       | 0.0000          | 0.0000          | 0.0000         
13     | 834.0000        | 4170.0000       | 0.0000          | 0.0000          | 0.0000         
14     | 870.0000        | 4350.0000       | 0.0000          | 0.0000          | 0.0000         
15     | 907.0000        | 4530.0000       | 0.0000          | 0.0000          | 0.0000         
16     | 921.0000        | 4600.0000       | 0.0000          | 0.0000          | 0.0000         
17     | 935.0000        | 4680.0000       | 0.0000          | 0.0000          | 0.0000         
18     | 949.0000        | 4750.0000       | 0.0000          | 0.0000          | 0.0000         
19     | 964.0000        | 4820.0000       | 0.0000          | 0.0000          | 0.0000         
20     | 978.0000        | 4890.0000       | 0.0000          | 0.0000          | 0.0000         
21     | 992.0000        | 4960.0000       | 0.0000          | 0.0000          | 0.0000         
22     | 1006.0000       | 5030.0000       | 0.0000          | 0.0000          | 0.0000         
23     | 1020.0000       | 5100.0000       | 0.0000          | 0.0000          | 0.0000         
24     | 1035.0000       | 5170.0000       | 0.0000          | 0.0000          | 0.0000         
25     | 1049.0000       | 5240.0000       | 0.0000          | 0.0000          | 0.0000         
26     | 1059.0000       | 5300.0000       | 0.0000          | 0.0000          | 0.0000         
27     | 1069.0000       | 5350.0000       | 0.0000          | 0.0000          | 0.0000         
28     | 1080.0000       | 5400.0000       | 0.0000          | 0.0000          | 0.0000         
29     | 1090.0000       | 5450.0000       | 0.0000          | 0.0000          | 0.0000         
30     | 1100.0000       | 5500.0000       | 0.0000          | 0.0000          | 0.0000         

================================================================================
HERO: Chance
ULTIMATE: Unknown (Chance)
------------------------------------------
Level  | Hero HP         | Hero Power     
------------------------------------------
1      | 384.0000        | 4800.0000      
2      | 448.0000        | 5600.0000      
3      | 512.0000        | 6400.0000      
4      | 576.0000        | 7200.0000      
5      | 640.0000        | 8000.0000      
6      | 704.0000        | 8800.0000      
7      | 768.0000        | 9600.0000      
8      | 832.0000        | 10400.0000     
9      | 896.0000        | 11200.0000     
10     | 960.0000        | 12000.0000     
11     | 914.0000        | 3810.0000      
12     | 958.0000        | 3990.0000      
13     | 1001.0000       | 4170.0000      
14     | 1045.0000       | 4350.0000      
15     | 1088.0000       | 4530.0000      
16     | 1105.0000       | 4600.0000      
17     | 1122.0000       | 4680.0000      
18     | 1139.0000       | 4750.0000      
19     | 1156.0000       | 4820.0000      
20     | 1173.0000       | 4890.0000      
21     | 1190.0000       | 4960.0000      
22     | 1207.0000       | 5030.0000      
23     | 1224.0000       | 5100.0000      
24     | 1242.0000       | 5170.0000      
25     | 1259.0000       | 5240.0000      
26     | 1271.0000       | 5300.0000      
27     | 1283.0000       | 5350.0000      
28     | 1295.0000       | 5400.0000      
29     | 1308.0000       | 5450.0000      
30     | 1320.0000       | 5500.0000      

================================================================================
HERO: Chip
ULTIMATE: Sheepinator (Chip)
------------------------------------------------------------------------------------------------------------------
Level  | Hero HP         | Hero Power      | Ult Damage      | Overhealth      | Ult Fire Rate   | Ult Power      
------------------------------------------------------------------------------------------------------------------
1      | 200.0000        | 3000.0000       | 73.0000         | 40.0000         | 1000.0000       | 900.0000       
2      | 260.0000        | 3900.0000       | 95.0000         | 52.0000         | 1300.0000       | 900.0000       
3      | 320.0000        | 4800.0000       | 117.0000        | 64.0000         | 1600.0000       | 900.0000       
4      | 380.0000        | 5700.0000       | 139.0000        | 76.0000         | 1900.0000       | 900.0000       
5      | 440.0000        | 6600.0000       | 161.0000        | 88.0000         | 2200.0000       | 900.0000       
6      | 500.0000        | 7500.0000       | 183.0000        | 100.0000        | 2500.0000       | 900.0000       
7      | 560.0000        | 8400.0000       | 204.0000        | 112.0000        | 2800.0000       | 900.0000       
8      | 620.0000        | 9300.0000       | 226.0000        | 124.0000        | 3100.0000       | 900.0000       
9      | 680.0000        | 10200.0000      | 248.0000        | 136.0000        | 3400.0000       | 900.0000       
10     | 740.0000        | 11100.0000      | 270.0000        | 148.0000        | 3700.0000       | 900.0000       
11     | 543.0000        | 2710.0000       | 0.0000          | 109.0000        | 0.0000          | 0.0000         
12     | 577.0000        | 2890.0000       | 0.0000          | 115.0000        | 0.0000          | 0.0000         
13     | 611.0000        | 3060.0000       | 0.0000          | 122.0000        | 0.0000          | 0.0000         
14     | 646.0000        | 3230.0000       | 0.0000          | 129.0000        | 0.0000          | 0.0000         
15     | 680.0000        | 3400.0000       | 0.0000          | 136.0000        | 0.0000          | 0.0000         
16     | 704.0000        | 3520.0000       | 0.0000          | 141.0000        | 0.0000          | 0.0000         
17     | 728.0000        | 3640.0000       | 0.0000          | 146.0000        | 0.0000          | 0.0000         
18     | 752.0000        | 3760.0000       | 0.0000          | 150.0000        | 0.0000          | 0.0000         
19     | 776.0000        | 3880.0000       | 0.0000          | 155.0000        | 0.0000          | 0.0000         
20     | 800.0000        | 4000.0000       | 0.0000          | 160.0000        | 0.0000          | 0.0000         
21     | 824.0000        | 4120.0000       | 0.0000          | 165.0000        | 0.0000          | 0.0000         
22     | 848.0000        | 4240.0000       | 0.0000          | 170.0000        | 0.0000          | 0.0000         
23     | 872.0000        | 4360.0000       | 0.0000          | 174.0000        | 0.0000          | 0.0000         
24     | 896.0000        | 4480.0000       | 0.0000          | 179.0000        | 0.0000          | 0.0000         
25     | 920.0000        | 4600.0000       | 0.0000          | 184.0000        | 0.0000          | 0.0000         
26     | 936.0000        | 4680.0000       | 0.0000          | 187.0000        | 0.0000          | 0.0000         
27     | 952.0000        | 4760.0000       | 0.0000          | 190.0000        | 0.0000          | 0.0000         
28     | 968.0000        | 4840.0000       | 0.0000          | 194.0000        | 0.0000          | 0.0000         
29     | 984.0000        | 4920.0000       | 0.0000          | 197.0000        | 0.0000          | 0.0000         
30     | 1000.0000       | 5000.0000       | 0.0000          | 200.0000        | 0.0000          | 0.0000         

================================================================================
HERO: Crumby
ULTIMATE: Unknown (Crumby)
------------------------------------------
Level  | Hero HP         | Hero Power     
------------------------------------------
1      | 260.0000        | 3900.0000      
2      | 317.0000        | 4750.0000      
3      | 373.0000        | 5600.0000      
4      | 430.0000        | 6450.0000      
5      | 487.0000        | 7300.0000      
6      | 543.0000        | 8150.0000      
7      | 600.0000        | 9000.0000      
8      | 657.0000        | 9850.0000      
9      | 713.0000        | 10700.0000     
10     | 770.0000        | 11550.0000     
11     | 434.0000        | 2710.0000      
12     | 462.0000        | 2890.0000      
13     | 489.0000        | 3060.0000      
14     | 517.0000        | 3230.0000      
15     | 544.0000        | 3400.0000      
16     | 563.0000        | 3520.0000      
17     | 582.0000        | 3640.0000      
18     | 602.0000        | 3760.0000      
19     | 621.0000        | 3880.0000      
20     | 640.0000        | 4000.0000      
21     | 659.0000        | 4120.0000      
22     | 678.0000        | 4240.0000      
23     | 698.0000        | 4360.0000      
24     | 717.0000        | 4480.0000      
25     | 736.0000        | 4600.0000      
26     | 749.0000        | 4680.0000      
27     | 762.0000        | 4760.0000      
28     | 774.0000        | 4840.0000      
29     | 787.0000        | 4920.0000      
30     | 800.0000        | 5000.0000      

================================================================================
HERO: Flare
ULTIMATE: Unknown (Flare)
------------------------------------------
Level  | Hero HP         | Hero Power     
------------------------------------------
1      | 160.0000        | 3000.0000      
2      | 208.0000        | 3900.0000      
3      | 256.0000        | 4800.0000      
4      | 304.0000        | 5700.0000      
5      | 352.0000        | 6600.0000      
6      | 400.0000        | 7500.0000      
7      | 448.0000        | 8400.0000      
8      | 496.0000        | 9300.0000      
9      | 544.0000        | 10200.0000     
10     | 592.0000        | 11100.0000     
11     | 434.0000        | 2710.0000      
12     | 462.0000        | 2890.0000      
13     | 489.0000        | 3060.0000      
14     | 517.0000        | 3230.0000      
15     | 544.0000        | 3400.0000      
16     | 563.0000        | 3520.0000      
17     | 582.0000        | 3640.0000      
18     | 602.0000        | 3760.0000      
19     | 621.0000        | 3880.0000      
20     | 640.0000        | 4000.0000      
21     | 659.0000        | 4120.0000      
22     | 678.0000        | 4240.0000      
23     | 698.0000        | 4360.0000      
24     | 717.0000        | 4480.0000      
25     | 736.0000        | 4600.0000      
26     | 749.0000        | 4680.0000      
27     | 762.0000        | 4760.0000      
28     | 774.0000        | 4840.0000      
29     | 787.0000        | 4920.0000      
30     | 800.0000        | 5000.0000      

================================================================================
HERO: Sparky
ULTIMATE: BigBoom (Fuse)
------------------------------------------------------------------------------------------------------------------
Level  | Hero HP         | Hero Power      | Ult Damage      | Overhealth      | Ult Fire Rate   | Ult Power      
------------------------------------------------------------------------------------------------------------------
1      | 208.0000        | 3900.0000       | 234.0000        | 52.0000         | 1300.0000       | 900.0000       
2      | 253.0000        | 4750.0000       | 285.0000        | 63.0000         | 1580.0000       | 900.0000       
3      | 299.0000        | 5600.0000       | 336.0000        | 75.0000         | 1870.0000       | 900.0000       
4      | 344.0000        | 6450.0000       | 387.0000        | 86.0000         | 2150.0000       | 900.0000       
5      | 389.0000        | 7300.0000       | 438.0000        | 97.0000         | 2430.0000       | 900.0000       
6      | 435.0000        | 8150.0000       | 489.0000        | 109.0000        | 2720.0000       | 900.0000       
7      | 480.0000        | 9000.0000       | 540.0000        | 120.0000        | 3000.0000       | 900.0000       
8      | 525.0000        | 9850.0000       | 591.0000        | 131.0000        | 3280.0000       | 900.0000       
9      | 571.0000        | 10700.0000      | 642.0000        | 143.0000        | 3570.0000       | 900.0000       
10     | 616.0000        | 11550.0000      | 693.0000        | 154.0000        | 3850.0000       | 900.0000       
11     | 522.0000        | 3260.0000       | 0.0000          | 130.0000        | 0.0000          | 0.0000         
12     | 550.0000        | 3440.0000       | 0.0000          | 138.0000        | 0.0000          | 0.0000         
13     | 578.0000        | 3610.0000       | 0.0000          | 145.0000        | 0.0000          | 0.0000         
14     | 606.0000        | 3790.0000       | 0.0000          | 152.0000        | 0.0000          | 0.0000         
15     | 635.0000        | 3970.0000       | 0.0000          | 159.0000        | 0.0000          | 0.0000         
16     | 650.0000        | 4060.0000       | 0.0000          | 162.0000        | 0.0000          | 0.0000         
17     | 665.0000        | 4160.0000       | 0.0000          | 166.0000        | 0.0000          | 0.0000         
18     | 681.0000        | 4250.0000       | 0.0000          | 170.0000        | 0.0000          | 0.0000         
19     | 696.0000        | 4350.0000       | 0.0000          | 174.0000        | 0.0000          | 0.0000         
20     | 711.0000        | 4440.0000       | 0.0000          | 178.0000        | 0.0000          | 0.0000         
21     | 726.0000        | 4540.0000       | 0.0000          | 182.0000        | 0.0000          | 0.0000         
22     | 742.0000        | 4640.0000       | 0.0000          | 185.0000        | 0.0000          | 0.0000         
23     | 757.0000        | 4730.0000       | 0.0000          | 189.0000        | 0.0000          | 0.0000         
24     | 772.0000        | 4830.0000       | 0.0000          | 193.0000        | 0.0000          | 0.0000         
25     | 788.0000        | 4920.0000       | 0.0000          | 197.0000        | 0.0000          | 0.0000         
26     | 798.0000        | 4990.0000       | 0.0000          | 200.0000        | 0.0000          | 0.0000         
27     | 809.0000        | 5050.0000       | 0.0000          | 202.0000        | 0.0000          | 0.0000         
28     | 819.0000        | 5120.0000       | 0.0000          | 205.0000        | 0.0000          | 0.0000         
29     | 830.0000        | 5180.0000       | 0.0000          | 207.0000        | 0.0000          | 0.0000         
30     | 840.0000        | 5250.0000       | 0.0000          | 210.0000        | 0.0000          | 0.0000         

================================================================================
HERO: Grimshot
ULTIMATE: SmokeScreen (Grimshot)
------------------------------------------------------------
Level  | Hero HP         | Hero Power      | Overhealth     
------------------------------------------------------------
1      | 320.0000        | 4800.0000       | 64.0000        
2      | 373.0000        | 5600.0000       | 75.0000        
3      | 427.0000        | 6400.0000       | 85.0000        
4      | 480.0000        | 7200.0000       | 96.0000        
5      | 533.0000        | 8000.0000       | 107.0000       
6      | 587.0000        | 8800.0000       | 117.0000       
7      | 640.0000        | 9600.0000       | 128.0000       
8      | 693.0000        | 10400.0000      | 139.0000       
9      | 747.0000        | 11200.0000      | 149.0000       
10     | 800.0000        | 12000.0000      | 160.0000       
11     | 762.0000        | 3810.0000       | 152.0000       
12     | 798.0000        | 3990.0000       | 160.0000       
13     | 834.0000        | 4170.0000       | 167.0000       
14     | 870.0000        | 4350.0000       | 174.0000       
15     | 907.0000        | 4530.0000       | 181.0000       
16     | 921.0000        | 4600.0000       | 184.0000       
17     | 935.0000        | 4680.0000       | 187.0000       
18     | 949.0000        | 4750.0000       | 190.0000       
19     | 964.0000        | 4820.0000       | 193.0000       
20     | 978.0000        | 4890.0000       | 196.0000       
21     | 992.0000        | 4960.0000       | 198.0000       
22     | 1006.0000       | 5030.0000       | 201.0000       
23     | 1020.0000       | 5100.0000       | 204.0000       
24     | 1035.0000       | 5170.0000       | 207.0000       
25     | 1049.0000       | 5240.0000       | 210.0000       
26     | 1059.0000       | 5300.0000       | 212.0000       
27     | 1069.0000       | 5350.0000       | 214.0000       
28     | 1080.0000       | 5400.0000       | 216.0000       
29     | 1090.0000       | 5450.0000       | 218.0000       
30     | 1100.0000       | 5500.0000       | 220.0000       

================================================================================
HERO: Helen
ULTIMATE: Unknown (Helen)
------------------------------------------
Level  | Hero HP         | Hero Power     
------------------------------------------
1      | 312.0000        | 3900.0000      
2      | 380.0000        | 4750.0000      
3      | 448.0000        | 5600.0000      
4      | 516.0000        | 6450.0000      
5      | 584.0000        | 7300.0000      
6      | 652.0000        | 8150.0000      
7      | 720.0000        | 9000.0000      
8      | 788.0000        | 9850.0000      
9      | 856.0000        | 10700.0000     
10     | 924.0000        | 11550.0000     
11     | 783.0000        | 3260.0000      
12     | 825.0000        | 3440.0000      
13     | 867.0000        | 3610.0000      
14     | 910.0000        | 3790.0000      
15     | 952.0000        | 3970.0000      
16     | 975.0000        | 4060.0000      
17     | 998.0000        | 4160.0000      
18     | 1021.0000       | 4250.0000      
19     | 1044.0000       | 4350.0000      
20     | 1067.0000       | 4440.0000      
21     | 1090.0000       | 4540.0000      
22     | 1112.0000       | 4640.0000      
23     | 1135.0000       | 4730.0000      
24     | 1158.0000       | 4830.0000      
25     | 1181.0000       | 4920.0000      
26     | 1197.0000       | 4990.0000      
27     | 1213.0000       | 5050.0000      
28     | 1229.0000       | 5120.0000      
29     | 1244.0000       | 5180.0000      
30     | 1260.0000       | 5250.0000      

================================================================================
HERO: Lil'Ann
ULTIMATE: Sabre (LilAnn)
------------------------------------------------------------------------------------------------------------------
Level  | Hero HP         | Hero Power      | Ult Damage      | Overhealth      | Ult Fire Rate   | Ult Power      
------------------------------------------------------------------------------------------------------------------
1      | 260.0000        | 3900.0000       | 39.0000         | 104.0000        | 1300.0000       | 900.0000       
2      | 317.0000        | 4750.0000       | 48.0000         | 127.0000        | 1580.0000       | 900.0000       
3      | 373.0000        | 5600.0000       | 56.0000         | 149.0000        | 1870.0000       | 900.0000       
4      | 430.0000        | 6450.0000       | 65.0000         | 172.0000        | 2150.0000       | 900.0000       
5      | 487.0000        | 7300.0000       | 73.0000         | 195.0000        | 2430.0000       | 900.0000       
6      | 543.0000        | 8150.0000       | 82.0000         | 217.0000        | 2720.0000       | 900.0000       
7      | 600.0000        | 9000.0000       | 90.0000         | 240.0000        | 3000.0000       | 900.0000       
8      | 657.0000        | 9850.0000       | 99.0000         | 263.0000        | 3280.0000       | 900.0000       
9      | 713.0000        | 10700.0000      | 107.0000        | 285.0000        | 3570.0000       | 900.0000       
10     | 770.0000        | 11550.0000      | 116.0000        | 308.0000        | 3850.0000       | 900.0000       
11     | 652.0000        | 3260.0000       | 0.0000          | 261.0000        | 0.0000          | 0.0000         
12     | 688.0000        | 3440.0000       | 0.0000          | 275.0000        | 0.0000          | 0.0000         
13     | 723.0000        | 3610.0000       | 0.0000          | 289.0000        | 0.0000          | 0.0000         
14     | 758.0000        | 3790.0000       | 0.0000          | 303.0000        | 0.0000          | 0.0000         
15     | 793.0000        | 3970.0000       | 0.0000          | 317.0000        | 0.0000          | 0.0000         
16     | 812.0000        | 4060.0000       | 0.0000          | 325.0000        | 0.0000          | 0.0000         
17     | 832.0000        | 4160.0000       | 0.0000          | 333.0000        | 0.0000          | 0.0000         
18     | 851.0000        | 4250.0000       | 0.0000          | 340.0000        | 0.0000          | 0.0000         
19     | 870.0000        | 4350.0000       | 0.0000          | 348.0000        | 0.0000          | 0.0000         
20     | 889.0000        | 4440.0000       | 0.0000          | 356.0000        | 0.0000          | 0.0000         
21     | 908.0000        | 4540.0000       | 0.0000          | 363.0000        | 0.0000          | 0.0000         
22     | 927.0000        | 4640.0000       | 0.0000          | 371.0000        | 0.0000          | 0.0000         
23     | 946.0000        | 4730.0000       | 0.0000          | 378.0000        | 0.0000          | 0.0000         
24     | 965.0000        | 4830.0000       | 0.0000          | 386.0000        | 0.0000          | 0.0000         
25     | 984.0000        | 4920.0000       | 0.0000          | 394.0000        | 0.0000          | 0.0000         
26     | 998.0000        | 4990.0000       | 0.0000          | 399.0000        | 0.0000          | 0.0000         
27     | 1011.0000       | 5050.0000       | 0.0000          | 404.0000        | 0.0000          | 0.0000         
28     | 1024.0000       | 5120.0000       | 0.0000          | 410.0000        | 0.0000          | 0.0000         
29     | 1037.0000       | 5180.0000       | 0.0000          | 415.0000        | 0.0000          | 0.0000         
30     | 1050.0000       | 5250.0000       | 0.0000          | 420.0000        | 0.0000          | 0.0000         

================================================================================
HERO: Lump
ULTIMATE: Evolution (Lump)
Evolution HP Multipliers:
  Level 1: 1.00x
  Level 2: 1.25x
  Level 3: 1.50x
  Level 4: 1.88x
------------------------------------------------------------------------------
Level  | Hero HP         | Hero Power      | Ult Damage      | Overhealth     
------------------------------------------------------------------------------
1      | 208.0000        | 3900.0000       | 117.0000        | 156.0000       
2      | 253.0000        | 4750.0000       | 143.0000        | 190.0000       
3      | 299.0000        | 5600.0000       | 168.0000        | 224.0000       
4      | 344.0000        | 6450.0000       | 194.0000        | 258.0000       
5      | 389.0000        | 7300.0000       | 219.0000        | 292.0000       
6      | 435.0000        | 8150.0000       | 245.0000        | 326.0000       
7      | 480.0000        | 9000.0000       | 270.0000        | 360.0000       
8      | 525.0000        | 9850.0000       | 296.0000        | 394.0000       
9      | 571.0000        | 10700.0000      | 321.0000        | 428.0000       
10     | 616.0000        | 11550.0000      | 347.0000        | 462.0000       
11     | 522.0000        | 3260.0000       | 0.0000          | 391.0000       
12     | 550.0000        | 3440.0000       | 0.0000          | 413.0000       
13     | 578.0000        | 3610.0000       | 0.0000          | 434.0000       
14     | 606.0000        | 3790.0000       | 0.0000          | 455.0000       
15     | 635.0000        | 3970.0000       | 0.0000          | 476.0000       
16     | 650.0000        | 4060.0000       | 0.0000          | 487.0000       
17     | 665.0000        | 4160.0000       | 0.0000          | 499.0000       
18     | 681.0000        | 4250.0000       | 0.0000          | 510.0000       
19     | 696.0000        | 4350.0000       | 0.0000          | 522.0000       
20     | 711.0000        | 4440.0000       | 0.0000          | 533.0000       
21     | 726.0000        | 4540.0000       | 0.0000          | 545.0000       
22     | 742.0000        | 4640.0000       | 0.0000          | 556.0000       
23     | 757.0000        | 4730.0000       | 0.0000          | 568.0000       
24     | 772.0000        | 4830.0000       | 0.0000          | 579.0000       
25     | 788.0000        | 4920.0000       | 0.0000          | 591.0000       
26     | 798.0000        | 4990.0000       | 0.0000          | 599.0000       
27     | 809.0000        | 5050.0000       | 0.0000          | 606.0000       
28     | 819.0000        | 5120.0000       | 0.0000          | 614.0000       
29     | 830.0000        | 5180.0000       | 0.0000          | 622.0000       
30     | 840.0000        | 5250.0000       | 0.0000          | 630.0000       

================================================================================
HERO: Tempest
ULTIMATE: CannonBall (Markus)
------------------------------------------------------------------------------------------------------------------
Level  | Hero HP         | Hero Power      | Ult Damage      | Overhealth      | Ult Fire Rate   | Ult Power      
------------------------------------------------------------------------------------------------------------------
1      | 312.0000        | 3900.0000       | 169.0000        | 104.0000        | 1300.0000       | 1100.0000      
2      | 380.0000        | 4750.0000       | 206.0000        | 127.0000        | 1580.0000       | 1100.0000      
3      | 448.0000        | 5600.0000       | 243.0000        | 149.0000        | 1870.0000       | 1100.0000      
4      | 516.0000        | 6450.0000       | 280.0000        | 172.0000        | 2150.0000       | 1100.0000      
5      | 584.0000        | 7300.0000       | 316.0000        | 195.0000        | 2430.0000       | 1100.0000      
6      | 652.0000        | 8150.0000       | 353.0000        | 217.0000        | 2720.0000       | 1100.0000      
7      | 720.0000        | 9000.0000       | 390.0000        | 240.0000        | 3000.0000       | 1100.0000      
8      | 788.0000        | 9850.0000       | 427.0000        | 263.0000        | 3280.0000       | 1100.0000      
9      | 856.0000        | 10700.0000      | 464.0000        | 285.0000        | 3570.0000       | 1100.0000      
10     | 924.0000        | 11550.0000      | 501.0000        | 308.0000        | 3850.0000       | 1100.0000      
11     | 783.0000        | 3260.0000       | 0.0000          | 261.0000        | 0.0000          | 0.0000         
12     | 825.0000        | 3440.0000       | 0.0000          | 275.0000        | 0.0000          | 0.0000         
13     | 867.0000        | 3610.0000       | 0.0000          | 289.0000        | 0.0000          | 0.0000         
14     | 910.0000        | 3790.0000       | 0.0000          | 303.0000        | 0.0000          | 0.0000         
15     | 952.0000        | 3970.0000       | 0.0000          | 317.0000        | 0.0000          | 0.0000         
16     | 975.0000        | 4060.0000       | 0.0000          | 325.0000        | 0.0000          | 0.0000         
17     | 998.0000        | 4160.0000       | 0.0000          | 333.0000        | 0.0000          | 0.0000         
18     | 1021.0000       | 4250.0000       | 0.0000          | 340.0000        | 0.0000          | 0.0000         
19     | 1044.0000       | 4350.0000       | 0.0000          | 348.0000        | 0.0000          | 0.0000         
20     | 1067.0000       | 4440.0000       | 0.0000          | 356.0000        | 0.0000          | 0.0000         
21     | 1090.0000       | 4540.0000       | 0.0000          | 363.0000        | 0.0000          | 0.0000         
22     | 1112.0000       | 4640.0000       | 0.0000          | 371.0000        | 0.0000          | 0.0000         
23     | 1135.0000       | 4730.0000       | 0.0000          | 378.0000        | 0.0000          | 0.0000         
24     | 1158.0000       | 4830.0000       | 0.0000          | 386.0000        | 0.0000          | 0.0000         
25     | 1181.0000       | 4920.0000       | 0.0000          | 394.0000        | 0.0000          | 0.0000         
26     | 1197.0000       | 4990.0000       | 0.0000          | 399.0000        | 0.0000          | 0.0000         
27     | 1213.0000       | 5050.0000       | 0.0000          | 404.0000        | 0.0000          | 0.0000         
28     | 1229.0000       | 5120.0000       | 0.0000          | 410.0000        | 0.0000          | 0.0000         
29     | 1244.0000       | 5180.0000       | 0.0000          | 415.0000        | 0.0000          | 0.0000         
30     | 1260.0000       | 5250.0000       | 0.0000          | 420.0000        | 0.0000          | 0.0000         

================================================================================
HERO: Molly
ULTIMATE: Unknown (Molly)
------------------------------------------
Level  | Hero HP         | Hero Power     
------------------------------------------
1      | 312.0000        | 3900.0000      
2      | 380.0000        | 4750.0000      
3      | 448.0000        | 5600.0000      
4      | 516.0000        | 6450.0000      
5      | 584.0000        | 7300.0000      
6      | 652.0000        | 8150.0000      
7      | 720.0000        | 9000.0000      
8      | 788.0000        | 9850.0000      
9      | 856.0000        | 10700.0000     
10     | 924.0000        | 11550.0000     
11     | 783.0000        | 3260.0000      
12     | 825.0000        | 3440.0000      
13     | 867.0000        | 3610.0000      
14     | 910.0000        | 3790.0000      
15     | 952.0000        | 3970.0000      
16     | 975.0000        | 4060.0000      
17     | 998.0000        | 4160.0000      
18     | 1021.0000       | 4250.0000      
19     | 1044.0000       | 4350.0000      
20     | 1067.0000       | 4440.0000      
21     | 1090.0000       | 4540.0000      
22     | 1112.0000       | 4640.0000      
23     | 1135.0000       | 4730.0000      
24     | 1158.0000       | 4830.0000      
25     | 1181.0000       | 4920.0000      
26     | 1197.0000       | 4990.0000      
27     | 1213.0000       | 5050.0000      
28     | 1229.0000       | 5120.0000      
29     | 1244.0000       | 5180.0000      
30     | 1260.0000       | 5250.0000      

================================================================================
HERO: Nakari
ULTIMATE: Unknown (Nakari)
------------------------------------------
Level  | Hero HP         | Hero Power     
------------------------------------------
1      | 200.0000        | 3000.0000      
2      | 260.0000        | 3900.0000      
3      | 320.0000        | 4800.0000      
4      | 380.0000        | 5700.0000      
5      | 440.0000        | 6600.0000      
6      | 500.0000        | 7500.0000      
7      | 560.0000        | 8400.0000      
8      | 620.0000        | 9300.0000      
9      | 680.0000        | 10200.0000     
10     | 740.0000        | 11100.0000     
11     | 543.0000        | 2710.0000      
12     | 577.0000        | 2890.0000      
13     | 611.0000        | 3060.0000      
14     | 646.0000        | 3230.0000      
15     | 680.0000        | 3400.0000      
16     | 704.0000        | 3520.0000      
17     | 728.0000        | 3640.0000      
18     | 752.0000        | 3760.0000      
19     | 776.0000        | 3880.0000      
20     | 800.0000        | 4000.0000      
21     | 824.0000        | 4120.0000      
22     | 848.0000        | 4240.0000      
23     | 872.0000        | 4360.0000      
24     | 896.0000        | 4480.0000      
25     | 920.0000        | 4600.0000      
26     | 936.0000        | 4680.0000      
27     | 952.0000        | 4760.0000      
28     | 968.0000        | 4840.0000      
29     | 984.0000        | 4920.0000      
30     | 1000.0000       | 5000.0000      

================================================================================
HERO: Mopz
ULTIMATE: Negatron (Raiden)
------------------------------------------------------------------------------------------------------------------
Level  | Hero HP         | Hero Power      | Ult Damage      | Overhealth      | Ult Fire Rate   | Ult Power      
------------------------------------------------------------------------------------------------------------------
1      | 260.0000        | 3900.0000       | 39.0000         | 104.0000        | 1300.0000       | 900.0000       
2      | 317.0000        | 4750.0000       | 48.0000         | 127.0000        | 1580.0000       | 900.0000       
3      | 373.0000        | 5600.0000       | 56.0000         | 149.0000        | 1870.0000       | 900.0000       
4      | 430.0000        | 6450.0000       | 65.0000         | 172.0000        | 2150.0000       | 900.0000       
5      | 487.0000        | 7300.0000       | 73.0000         | 195.0000        | 2430.0000       | 900.0000       
6      | 543.0000        | 8150.0000       | 82.0000         | 217.0000        | 2720.0000       | 900.0000       
7      | 600.0000        | 9000.0000       | 90.0000         | 240.0000        | 3000.0000       | 900.0000       
8      | 657.0000        | 9850.0000       | 99.0000         | 263.0000        | 3280.0000       | 900.0000       
9      | 713.0000        | 10700.0000      | 107.0000        | 285.0000        | 3570.0000       | 900.0000       
10     | 770.0000        | 11550.0000      | 116.0000        | 308.0000        | 3850.0000       | 900.0000       
11     | 652.0000        | 3260.0000       | 0.0000          | 261.0000        | 0.0000          | 0.0000         
12     | 688.0000        | 3440.0000       | 0.0000          | 275.0000        | 0.0000          | 0.0000         
13     | 723.0000        | 3610.0000       | 0.0000          | 289.0000        | 0.0000          | 0.0000         
14     | 758.0000        | 3790.0000       | 0.0000          | 303.0000        | 0.0000          | 0.0000         
15     | 793.0000        | 3970.0000       | 0.0000          | 317.0000        | 0.0000          | 0.0000         
16     | 812.0000        | 4060.0000       | 0.0000          | 325.0000        | 0.0000          | 0.0000         
17     | 832.0000        | 4160.0000       | 0.0000          | 333.0000        | 0.0000          | 0.0000         
18     | 851.0000        | 4250.0000       | 0.0000          | 340.0000        | 0.0000          | 0.0000         
19     | 870.0000        | 4350.0000       | 0.0000          | 348.0000        | 0.0000          | 0.0000         
20     | 889.0000        | 4440.0000       | 0.0000          | 356.0000        | 0.0000          | 0.0000         
21     | 908.0000        | 4540.0000       | 0.0000          | 363.0000        | 0.0000          | 0.0000         
22     | 927.0000        | 4640.0000       | 0.0000          | 371.0000        | 0.0000          | 0.0000         
23     | 946.0000        | 4730.0000       | 0.0000          | 378.0000        | 0.0000          | 0.0000         
24     | 965.0000        | 4830.0000       | 0.0000          | 386.0000        | 0.0000          | 0.0000         
25     | 984.0000        | 4920.0000       | 0.0000          | 394.0000        | 0.0000          | 0.0000         
26     | 998.0000        | 4990.0000       | 0.0000          | 399.0000        | 0.0000          | 0.0000         
27     | 1011.0000       | 5050.0000       | 0.0000          | 404.0000        | 0.0000          | 0.0000         
28     | 1024.0000       | 5120.0000       | 0.0000          | 410.0000        | 0.0000          | 0.0000         
29     | 1037.0000       | 5180.0000       | 0.0000          | 415.0000        | 0.0000          | 0.0000         
30     | 1050.0000       | 5250.0000       | 0.0000          | 420.0000        | 0.0000          | 0.0000         

================================================================================
HERO: Ratchet
ULTIMATE: Unknown (Ratchet)
------------------------------------------
Level  | Hero HP         | Hero Power     
------------------------------------------
1      | 320.0000        | 4800.0000      
2      | 373.0000        | 5600.0000      
3      | 427.0000        | 6400.0000      
4      | 480.0000        | 7200.0000      
5      | 533.0000        | 8000.0000      
6      | 587.0000        | 8800.0000      
7      | 640.0000        | 9600.0000      
8      | 693.0000        | 10400.0000     
9      | 747.0000        | 11200.0000     
10     | 800.0000        | 12000.0000     
11     | 543.0000        | 2710.0000      
12     | 577.0000        | 2890.0000      
13     | 611.0000        | 3060.0000      
14     | 646.0000        | 3230.0000      
15     | 680.0000        | 3400.0000      
16     | 704.0000        | 3520.0000      
17     | 728.0000        | 3640.0000      
18     | 752.0000        | 3760.0000      
19     | 776.0000        | 3880.0000      
20     | 800.0000        | 4000.0000      
21     | 824.0000        | 4120.0000      
22     | 848.0000        | 4240.0000      
23     | 872.0000        | 4360.0000      
24     | 896.0000        | 4480.0000      
25     | 920.0000        | 4600.0000      
26     | 936.0000        | 4680.0000      
27     | 952.0000        | 4760.0000      
28     | 968.0000        | 4840.0000      
29     | 984.0000        | 4920.0000      
30     | 1000.0000       | 5000.0000      

================================================================================
HERO: Widget
ULTIMATE: Ryno (Sandy)
------------------------------------------------------------------------------------------------------------------
Level  | Hero HP         | Hero Power      | Ult Damage      | Projectile Time | Missiles        | Overhealth     
------------------------------------------------------------------------------------------------------------------
1      | 200.0000        | 3000.0000       | 28.0000         | 0.1300          | 18              | 80.0000        
2      | 260.0000        | 3900.0000       | 36.0000         | 0.1300          | 18              | 104.0000       
3      | 320.0000        | 4800.0000       | 45.0000         | 0.1300          | 18              | 128.0000       
4      | 380.0000        | 5700.0000       | 53.0000         | 0.1300          | 18              | 152.0000       
5      | 440.0000        | 6600.0000       | 62.0000         | 0.1300          | 18              | 176.0000       
6      | 500.0000        | 7500.0000       | 70.0000         | 0.1300          | 18              | 200.0000       
7      | 560.0000        | 8400.0000       | 78.0000         | 0.1300          | 18              | 224.0000       
8      | 620.0000        | 9300.0000       | 87.0000         | 0.1300          | 18              | 248.0000       
9      | 680.0000        | 10200.0000      | 95.0000         | 0.1300          | 18              | 272.0000       
10     | 740.0000        | 11100.0000      | 104.0000        | 0.1300          | 18              | 296.0000       
11     | 543.0000        | 2710.0000       | 0.0000          | 0.0000          | 0               | 217.0000       
12     | 577.0000        | 2890.0000       | 0.0000          | 0.0000          | 0               | 231.0000       
13     | 611.0000        | 3060.0000       | 0.0000          | 0.0000          | 0               | 245.0000       
14     | 646.0000        | 3230.0000       | 0.0000          | 0.0000          | 0               | 258.0000       
15     | 680.0000        | 3400.0000       | 0.0000          | 0.0000          | 0               | 272.0000       
16     | 704.0000        | 3520.0000       | 0.0000          | 0.0000          | 0               | 282.0000       
17     | 728.0000        | 3640.0000       | 0.0000          | 0.0000          | 0               | 291.0000       
18     | 752.0000        | 3760.0000       | 0.0000          | 0.0000          | 0               | 301.0000       
19     | 776.0000        | 3880.0000       | 0.0000          | 0.0000          | 0               | 310.0000       
20     | 800.0000        | 4000.0000       | 0.0000          | 0.0000          | 0               | 320.0000       
21     | 824.0000        | 4120.0000       | 0.0000          | 0.0000          | 0               | 330.0000       
22     | 848.0000        | 4240.0000       | 0.0000          | 0.0000          | 0               | 339.0000       
23     | 872.0000        | 4360.0000       | 0.0000          | 0.0000          | 0               | 349.0000       
24     | 896.0000        | 4480.0000       | 0.0000          | 0.0000          | 0               | 358.0000       
25     | 920.0000        | 4600.0000       | 0.0000          | 0.0000          | 0               | 368.0000       
26     | 936.0000        | 4680.0000       | 0.0000          | 0.0000          | 0               | 374.0000       
27     | 952.0000        | 4760.0000       | 0.0000          | 0.0000          | 0               | 381.0000       
28     | 968.0000        | 4840.0000       | 0.0000          | 0.0000          | 0               | 387.0000       
29     | 984.0000        | 4920.0000       | 0.0000          | 0.0000          | 0               | 394.0000       
30     | 1000.0000       | 5000.0000       | 0.0000          | 0.0000          | 0               | 400.0000       

================================================================================
HERO: Sprocket
ULTIMATE: Slam (Sprocket)
------------------------------------------------------------------------------
Level  | Hero HP         | Hero Power      | Ult Damage      | Overhealth     
------------------------------------------------------------------------------
1      | 200.0000        | 3000.0000       | 110.0000        | 40.0000        
2      | 260.0000        | 3900.0000       | 143.0000        | 52.0000        
3      | 320.0000        | 4800.0000       | 176.0000        | 64.0000        
4      | 380.0000        | 5700.0000       | 209.0000        | 76.0000        
5      | 440.0000        | 6600.0000       | 242.0000        | 88.0000        
6      | 500.0000        | 7500.0000       | 275.0000        | 100.0000       
7      | 560.0000        | 8400.0000       | 308.0000        | 112.0000       
8      | 620.0000        | 9300.0000       | 341.0000        | 124.0000       
9      | 680.0000        | 10200.0000      | 374.0000        | 136.0000       
10     | 740.0000        | 11100.0000      | 407.0000        | 148.0000       
11     | 543.0000        | 2710.0000       | 0.0000          | 109.0000       
12     | 577.0000        | 2890.0000       | 0.0000          | 115.0000       
13     | 611.0000        | 3060.0000       | 0.0000          | 122.0000       
14     | 646.0000        | 3230.0000       | 0.0000          | 129.0000       
15     | 680.0000        | 3400.0000       | 0.0000          | 136.0000       
16     | 704.0000        | 3520.0000       | 0.0000          | 141.0000       
17     | 728.0000        | 3640.0000       | 0.0000          | 146.0000       
18     | 752.0000        | 3760.0000       | 0.0000          | 150.0000       
19     | 776.0000        | 3880.0000       | 0.0000          | 155.0000       
20     | 800.0000        | 4000.0000       | 0.0000          | 160.0000       
21     | 824.0000        | 4120.0000       | 0.0000          | 165.0000       
22     | 848.0000        | 4240.0000       | 0.0000          | 170.0000       
23     | 872.0000        | 4360.0000       | 0.0000          | 174.0000       
24     | 896.0000        | 4480.0000       | 0.0000          | 179.0000       
25     | 920.0000        | 4600.0000       | 0.0000          | 184.0000       
26     | 936.0000        | 4680.0000       | 0.0000          | 187.0000       
27     | 952.0000        | 4760.0000       | 0.0000          | 190.0000       
28     | 968.0000        | 4840.0000       | 0.0000          | 194.0000       
29     | 984.0000        | 4920.0000       | 0.0000          | 197.0000       
30     | 1000.0000       | 5000.0000       | 0.0000          | 200.0000       

================================================================================
HERO: Steeljaw
ULTIMATE: Unknown (Steeljaw)
------------------------------------------
Level  | Hero HP         | Hero Power     
------------------------------------------
1      | 384.0000        | 4800.0000      
2      | 448.0000        | 5600.0000      
3      | 512.0000        | 6400.0000      
4      | 576.0000        | 7200.0000      
5      | 640.0000        | 8000.0000      
6      | 704.0000        | 8800.0000      
7      | 768.0000        | 9600.0000      
8      | 832.0000        | 10400.0000     
9      | 896.0000        | 11200.0000     
10     | 960.0000        | 12000.0000     
11     | 914.0000        | 3810.0000      
12     | 958.0000        | 3990.0000      
13     | 1001.0000       | 4170.0000      
14     | 1045.0000       | 4350.0000      
15     | 1088.0000       | 4530.0000      
16     | 1105.0000       | 4600.0000      
17     | 1122.0000       | 4680.0000      
18     | 1139.0000       | 4750.0000      
19     | 1156.0000       | 4820.0000      
20     | 1173.0000       | 4890.0000      
21     | 1190.0000       | 4960.0000      
22     | 1207.0000       | 5030.0000      
23     | 1224.0000       | 5100.0000      
24     | 1242.0000       | 5170.0000      
25     | 1259.0000       | 5240.0000      
26     | 1271.0000       | 5300.0000      
27     | 1283.0000       | 5350.0000      
28     | 1295.0000       | 5400.0000      
29     | 1308.0000       | 5450.0000      
30     | 1320.0000       | 5500.0000      

================================================================================
HERO: Terry
ULTIMATE: Unknown (Terry)
------------------------------------------
Level  | Hero HP         | Hero Power     
------------------------------------------
1      | 160.0000        | 3000.0000      
2      | 208.0000        | 3900.0000      
3      | 256.0000        | 4800.0000      
4      | 304.0000        | 5700.0000      
5      | 352.0000        | 6600.0000      
6      | 400.0000        | 7500.0000      
7      | 448.0000        | 8400.0000      
8      | 496.0000        | 9300.0000      
9      | 544.0000        | 10200.0000     
10     | 592.0000        | 11100.0000     
11     | 434.0000        | 2710.0000      
12     | 462.0000        | 2890.0000      
13     | 489.0000        | 3060.0000      
14     | 517.0000        | 3230.0000      
15     | 544.0000        | 3400.0000      
16     | 563.0000        | 3520.0000      
17     | 582.0000        | 3640.0000      
18     | 602.0000        | 3760.0000      
19     | 621.0000        | 3880.0000      
20     | 640.0000        | 4000.0000      
21     | 659.0000        | 4120.0000      
22     | 678.0000        | 4240.0000      
23     | 698.0000        | 4360.0000      
24     | 717.0000        | 4480.0000      
25     | 736.0000        | 4600.0000      
26     | 749.0000        | 4680.0000      
27     | 762.0000        | 4760.0000      
28     | 774.0000        | 4840.0000      
29     | 787.0000        | 4920.0000      
30     | 800.0000        | 5000.0000      

================================================================================
HERO: Zed
ULTIMATE: TankZed (ZedOne)
------------------------------------------------------------------------------------------------------------------
Level  | Hero HP         | Hero Power      | Tank HP         | Tank Damage     | Tank Fire Rate  | Tank Range     
------------------------------------------------------------------------------------------------------------------
1      | 256.0000        | 4800.0000       | 960.0000        | 142.0000        | 0.7000          | 42.0000        
2      | 299.0000        | 5600.0000       | 1120.0000       | 171.0000        | 0.7000          | 43.0000        
3      | 341.0000        | 6400.0000       | 1280.0000       | 201.0000        | 0.7000          | 44.0000        
4      | 384.0000        | 7200.0000       | 1440.0000       | 231.0000        | 0.7000          | 45.0000        
5      | 427.0000        | 8000.0000       | 1600.0000       | 260.0000        | 0.7000          | 46.0000        
6      | 469.0000        | 8800.0000       | 1760.0000       | 290.0000        | 0.7000          | 47.0000        
7      | 512.0000        | 9600.0000       | 1920.0000       | 319.0000        | 0.7000          | 48.0000        
8      | 555.0000        | 10400.0000      | 2080.0000       | 349.0000        | 0.7000          | 49.0000        
9      | 597.0000        | 11200.0000      | 2240.0000       | 379.0000        | 0.7000          | 50.0000        
10     | 640.0000        | 12000.0000      | 2400.0000       | 408.0000        | 0.7000          | 51.0000        
11     | 610.0000        | 3810.0000       | 0.0000          | 0.0000          | 0.0000          | 0.0000         
12     | 638.0000        | 3990.0000       | 0.0000          | 0.0000          | 0.0000          | 0.0000         
13     | 667.0000        | 4170.0000       | 0.0000          | 0.0000          | 0.0000          | 0.0000         
14     | 696.0000        | 4350.0000       | 0.0000          | 0.0000          | 0.0000          | 0.0000         
15     | 725.0000        | 4530.0000       | 0.0000          | 0.0000          | 0.0000          | 0.0000         
16     | 737.0000        | 4600.0000       | 0.0000          | 0.0000          | 0.0000          | 0.0000         
17     | 748.0000        | 4680.0000       | 0.0000          | 0.0000          | 0.0000          | 0.0000         
18     | 759.0000        | 4750.0000       | 0.0000          | 0.0000          | 0.0000          | 0.0000         
19     | 771.0000        | 4820.0000       | 0.0000          | 0.0000          | 0.0000          | 0.0000         
20     | 782.0000        | 4890.0000       | 0.0000          | 0.0000          | 0.0000          | 0.0000         
21     | 794.0000        | 4960.0000       | 0.0000          | 0.0000          | 0.0000          | 0.0000         
22     | 805.0000        | 5030.0000       | 0.0000          | 0.0000          | 0.0000          | 0.0000         
23     | 816.0000        | 5100.0000       | 0.0000          | 0.0000          | 0.0000          | 0.0000         
24     | 828.0000        | 5170.0000       | 0.0000          | 0.0000          | 0.0000          | 0.0000         
25     | 839.0000        | 5240.0000       | 0.0000          | 0.0000          | 0.0000          | 0.0000         
26     | 847.0000        | 5300.0000       | 0.0000          | 0.0000          | 0.0000          | 0.0000         
27     | 855.0000        | 5350.0000       | 0.0000          | 0.0000          | 0.0000          | 0.0000         
28     | 864.0000        | 5400.0000       | 0.0000          | 0.0000          | 0.0000          | 0.0000         
29     | 872.0000        | 5450.0000       | 0.0000          | 0.0000          | 0.0000          | 0.0000         
30     | 880.0000        | 5500.0000       | 0.0000          | 0.0000          | 0.0000          | 0.0000         

================================================================================
