GADGET STATS EXPORT
===================

GADGET: Throwable Wrench
INTERNAL ID: WrenchThrow
HERO: Ratchet
------------------------------------------
Level  | Damage    | Range    | Cooldown  
------------------------------------------
1      | 96.0000   | 18.0000  | 6.0000    
2      | 112.0000  | 18.0000  | 6.0000    
3      | 128.0000  | 18.0000  | 6.0000    
4      | 144.0000  | 18.0000  | 6.0000    
5      | 160.0000  | 18.0000  | 6.0000    
6      | 176.0000  | 18.0000  | 6.0000    
7      | 192.0000  | 18.0000  | 6.0000    
8      | 208.0000  | 18.0000  | 6.0000    
9      | 224.0000  | 18.0000  | 6.0000    
10     | 240.0000  | 18.0000  | 6.0000    

================================================================================
GADGET: Drill Thruster
INTERNAL ID: DrillDash
HERO: Widget
---------------------------------------------------------------------------------------------------
Level  | Power      | Aoe Damage  | LastHitAoe Damage  | Max Dash Distance  | Charges  | Cooldown  
---------------------------------------------------------------------------------------------------
1      | 1000.0000  | 5.0000      | 75.0000            | 100.0000           | 1.0000   | 12.0000   
2      | 1300.0000  | 7.0000      | 98.0000            | 100.0000           | 1.0000   | 12.0000   
3      | 1600.0000  | 8.0000      | 120.0000           | 100.0000           | 1.0000   | 12.0000   
4      | 1900.0000  | 10.0000     | 143.0000           | 100.0000           | 1.0000   | 12.0000   
5      | 2200.0000  | 11.0000     | 165.0000           | 100.0000           | 1.0000   | 12.0000   
6      | 2500.0000  | 13.0000     | 188.0000           | 100.0000           | 1.0000   | 12.0000   
7      | 2800.0000  | 14.0000     | 210.0000           | 100.0000           | 1.0000   | 12.0000   
8      | 3100.0000  | 16.0000     | 233.0000           | 100.0000           | 1.0000   | 12.0000   
9      | 3400.0000  | 17.0000     | 255.0000           | 100.0000           | 1.0000   | 12.0000   
10     | 3700.0000  | 19.0000     | 278.0000           | 100.0000           | 1.0000   | 12.0000   

================================================================================
GADGET: Cryo Slider
INTERNAL ID: Cryoslider
HERO: Celeste
------------------------------------------------------------------
Level  | Power      | Damage    | Range    | Charges  | Cooldown  
------------------------------------------------------------------
1      | 1600.0000  | 88.0000   | 34.0000  | 1.0000   | 12.0000   
2      | 1870.0000  | 103.0000  | 34.0000  | 1.0000   | 12.0000   
3      | 2130.0000  | 117.0000  | 34.0000  | 1.0000   | 12.0000   
4      | 2400.0000  | 132.0000  | 34.0000  | 1.0000   | 12.0000   
5      | 2670.0000  | 147.0000  | 34.0000  | 1.0000   | 12.0000   
6      | 2930.0000  | 161.0000  | 34.0000  | 1.0000   | 12.0000   
7      | 3200.0000  | 176.0000  | 34.0000  | 1.0000   | 12.0000   
8      | 3470.0000  | 191.0000  | 34.0000  | 1.0000   | 12.0000   
9      | 3730.0000  | 205.0000  | 34.0000  | 1.0000   | 12.0000   
10     | 4000.0000  | 220.0000  | 34.0000  | 1.0000   | 12.0000   

================================================================================
GADGET: Hoverboots
INTERNAL ID: HoverBoots
HERO: Sprocket
----------------------------------------------------------------
Level  | Power      | Damage   | Range   | Charges  | Cooldown  
----------------------------------------------------------------
1      | 1000.0000  | 20.0000  | 2.0000  | 1.0000   | 12.0000   
2      | 1300.0000  | 26.0000  | 2.0000  | 1.0000   | 12.0000   
3      | 1600.0000  | 32.0000  | 2.0000  | 1.0000   | 12.0000   
4      | 1900.0000  | 38.0000  | 2.0000  | 1.0000   | 12.0000   
5      | 2200.0000  | 44.0000  | 2.0000  | 1.0000   | 12.0000   
6      | 2500.0000  | 50.0000  | 2.0000  | 1.0000   | 12.0000   
7      | 2800.0000  | 56.0000  | 2.0000  | 1.0000   | 12.0000   
8      | 3100.0000  | 62.0000  | 2.0000  | 1.0000   | 12.0000   
9      | 3400.0000  | 68.0000  | 2.0000  | 1.0000   | 12.0000   
10     | 3700.0000  | 74.0000  | 2.0000  | 1.0000   | 12.0000   

================================================================================
GADGET: Hunter Mine Launcher
INTERNAL ID: MineLauncher
HERO: Sparky
------------------------------------------------------------------
Level  | Power      | Damage    | Range    | Charges  | Cooldown  
------------------------------------------------------------------
1      | 1300.0000  | 143.0000  | 24.0000  | 1.0000   | 12.0000   
2      | 1580.0000  | 174.0000  | 24.0000  | 1.0000   | 12.0000   
3      | 1870.0000  | 205.0000  | 24.0000  | 1.0000   | 12.0000   
4      | 2150.0000  | 237.0000  | 24.0000  | 1.0000   | 12.0000   
5      | 2430.0000  | 268.0000  | 24.0000  | 1.0000   | 12.0000   
6      | 2720.0000  | 299.0000  | 24.0000  | 1.0000   | 12.0000   
7      | 3000.0000  | 330.0000  | 24.0000  | 1.0000   | 12.0000   
8      | 3280.0000  | 361.0000  | 24.0000  | 1.0000   | 12.0000   
9      | 3570.0000  | 392.0000  | 24.0000  | 1.0000   | 12.0000   
10     | 3850.0000  | 424.0000  | 24.0000  | 1.0000   | 12.0000   

================================================================================
GADGET: Whirling Blades
INTERNAL ID: LittleSpin
HERO: Lil'Ann
-------------------------------------------------------------------------------------
Level  | Power      | AoeA Damage  | AoeB Damage  | Duration  | Charges  | Cooldown  
-------------------------------------------------------------------------------------
1      | 1300.0000  | 39.0000      | 78.0000      | 0.8000    | 1.0000   | 8.0000    
2      | 1580.0000  | 48.0000      | 95.0000      | 0.8000    | 1.0000   | 8.0000    
3      | 1870.0000  | 56.0000      | 112.0000     | 0.8000    | 1.0000   | 8.0000    
4      | 2150.0000  | 65.0000      | 129.0000     | 0.8000    | 1.0000   | 8.0000    
5      | 2430.0000  | 73.0000      | 146.0000     | 0.8000    | 1.0000   | 8.0000    
6      | 2720.0000  | 82.0000      | 163.0000     | 0.8000    | 1.0000   | 8.0000    
7      | 3000.0000  | 90.0000      | 180.0000     | 0.8000    | 1.0000   | 8.0000    
8      | 3280.0000  | 99.0000      | 197.0000     | 0.8000    | 1.0000   | 8.0000    
9      | 3570.0000  | 107.0000     | 214.0000     | 0.8000    | 1.0000   | 8.0000    
10     | 3850.0000  | 116.0000     | 231.0000     | 0.8000    | 1.0000   | 8.0000    

================================================================================
GADGET: Void Repulser
INTERNAL ID: VoidRepulser
HERO: Tempest
-----------------------------------------------------------------------------------------
Level  | Power      | Damage   | Shield HP  | Range   | Duration  | Charges  | Cooldown  
-----------------------------------------------------------------------------------------
1      | 1300.0000  | 26.0000  | 260.0000   | 5.0000  | 6.0000    | 1.0000   | 14.0000   
2      | 1580.0000  | 32.0000  | 317.0000   | 5.0000  | 6.0000    | 1.0000   | 14.0000   
3      | 1870.0000  | 37.0000  | 373.0000   | 5.0000  | 6.0000    | 1.0000   | 14.0000   
4      | 2150.0000  | 43.0000  | 430.0000   | 5.0000  | 6.0000    | 1.0000   | 14.0000   
5      | 2430.0000  | 49.0000  | 487.0000   | 5.0000  | 6.0000    | 1.0000   | 14.0000   
6      | 2720.0000  | 54.0000  | 543.0000   | 5.0000  | 6.0000    | 1.0000   | 14.0000   
7      | 3000.0000  | 60.0000  | 600.0000   | 5.0000  | 6.0000    | 1.0000   | 14.0000   
8      | 3280.0000  | 66.0000  | 657.0000   | 5.0000  | 6.0000    | 1.0000   | 14.0000   
9      | 3570.0000  | 71.0000  | 713.0000   | 5.0000  | 6.0000    | 1.0000   | 14.0000   
10     | 3850.0000  | 77.0000  | 770.0000   | 5.0000  | 6.0000    | 1.0000   | 14.0000   

================================================================================
GADGET: Bombardier
INTERNAL ID: Bombardier
HERO: Zed
------------------------------------------------------------------
Level  | Power      | Damage    | Range    | Charges  | Cooldown  
------------------------------------------------------------------
1      | 1600.0000  | 112.0000  | 24.0000  | 1.0000   | 12.0000   
2      | 1870.0000  | 131.0000  | 24.0000  | 1.0000   | 12.0000   
3      | 2130.0000  | 149.0000  | 24.0000  | 1.0000   | 12.0000   
4      | 2400.0000  | 168.0000  | 24.0000  | 1.0000   | 12.0000   
5      | 2670.0000  | 187.0000  | 24.0000  | 1.0000   | 12.0000   
6      | 2930.0000  | 205.0000  | 24.0000  | 1.0000   | 12.0000   
7      | 3200.0000  | 224.0000  | 24.0000  | 1.0000   | 12.0000   
8      | 3470.0000  | 243.0000  | 24.0000  | 1.0000   | 12.0000   
9      | 3730.0000  | 261.0000  | 24.0000  | 1.0000   | 12.0000   
10     | 4000.0000  | 280.0000  | 24.0000  | 1.0000   | 12.0000   

================================================================================
GADGET: Voltage Drop
INTERNAL ID: ElectricGrenade
HERO: Mopz
--------------------------------------------------------------------------------------------------------------------------
Level  | Power      | Explosion Damage  | ElectricZone Damage  | Range    | ElectricZone Duration  | Charges  | Cooldown  
--------------------------------------------------------------------------------------------------------------------------
1      | 1300.0000  | 117.0000          | 10.0000              | 35.0000  | 4.0000                 | 1.0000   | 10.0000   
2      | 1580.0000  | 143.0000          | 13.0000              | 35.0000  | 4.0000                 | 1.0000   | 10.0000   
3      | 1870.0000  | 168.0000          | 15.0000              | 35.0000  | 4.0000                 | 1.0000   | 10.0000   
4      | 2150.0000  | 194.0000          | 17.0000              | 35.0000  | 4.0000                 | 1.0000   | 10.0000   
5      | 2430.0000  | 219.0000          | 19.0000              | 35.0000  | 4.0000                 | 1.0000   | 10.0000   
6      | 2720.0000  | 245.0000          | 22.0000              | 35.0000  | 4.0000                 | 1.0000   | 10.0000   
7      | 3000.0000  | 270.0000          | 24.0000              | 35.0000  | 4.0000                 | 1.0000   | 10.0000   
8      | 3280.0000  | 296.0000          | 26.0000              | 35.0000  | 4.0000                 | 1.0000   | 10.0000   
9      | 3570.0000  | 321.0000          | 29.0000              | 35.0000  | 4.0000                 | 1.0000   | 10.0000   
10     | 3850.0000  | 347.0000          | 31.0000              | 35.0000  | 4.0000                 | 1.0000   | 10.0000   

================================================================================
GADGET: Holoshield Glove
INTERNAL ID: HoloshieldGlove
HERO: Grimshot
------------------------------------------------------------------------------
Level  | Power      | Damage   | Shield HP  | Range    | Charges  | Cooldown  
------------------------------------------------------------------------------
1      | 1600.0000  | 32.0000  | 256.0000   | 12.0000  | 1.0000   | 16.0000   
2      | 1870.0000  | 37.0000  | 299.0000   | 12.0000  | 1.0000   | 16.0000   
3      | 2130.0000  | 43.0000  | 341.0000   | 12.0000  | 1.0000   | 16.0000   
4      | 2400.0000  | 48.0000  | 384.0000   | 12.0000  | 1.0000   | 16.0000   
5      | 2670.0000  | 53.0000  | 427.0000   | 12.0000  | 1.0000   | 16.0000   
6      | 2930.0000  | 59.0000  | 469.0000   | 12.0000  | 1.0000   | 16.0000   
7      | 3200.0000  | 64.0000  | 512.0000   | 12.0000  | 1.0000   | 16.0000   
8      | 3470.0000  | 69.0000  | 555.0000   | 12.0000  | 1.0000   | 16.0000   
9      | 3730.0000  | 75.0000  | 597.0000   | 12.0000  | 1.0000   | 16.0000   
10     | 4000.0000  | 80.0000  | 640.0000   | 12.0000  | 1.0000   | 16.0000   

================================================================================
GADGET: Glove of Doom
INTERNAL ID: GloveOfDoom
HERO: Chip
-----------------------------------------------------------------------------------------------------------------------------------------------------
Level  | Power      | Agent Explosion Damage  | Agent HP  | Agent Lifetime  | Range    | Drones Per Use  | More Agent Drones  | Charges  | Cooldown  
-----------------------------------------------------------------------------------------------------------------------------------------------------
1      | 1000.0000  | 60.0000                 | 50.0000   | 8.0000          | 12.0000  | 2.0000          | 3.0000             | 1.0000   | 12.0000   
2      | 1300.0000  | 78.0000                 | 65.0000   | 8.5000          | 12.0000  | 2.0000          | 3.0000             | 1.0000   | 12.0000   
3      | 1600.0000  | 96.0000                 | 80.0000   | 9.0000          | 12.0000  | 2.0000          | 3.0000             | 1.0000   | 12.0000   
4      | 1900.0000  | 114.0000                | 95.0000   | 9.5000          | 12.0000  | 2.0000          | 3.0000             | 1.0000   | 12.0000   
5      | 2200.0000  | 132.0000                | 110.0000  | 10.0000         | 12.0000  | 2.0000          | 3.0000             | 1.0000   | 12.0000   
6      | 2500.0000  | 150.0000                | 125.0000  | 10.5000         | 12.0000  | 2.0000          | 3.0000             | 1.0000   | 12.0000   
7      | 2800.0000  | 168.0000                | 140.0000  | 11.0000         | 12.0000  | 2.0000          | 3.0000             | 1.0000   | 12.0000   
8      | 3100.0000  | 186.0000                | 155.0000  | 11.5000         | 12.0000  | 2.0000          | 3.0000             | 1.0000   | 12.0000   
9      | 3400.0000  | 204.0000                | 170.0000  | 12.0000         | 12.0000  | 2.0000          | 3.0000             | 1.0000   | 12.0000   
10     | 3700.0000  | 222.0000                | 185.0000  | 12.5000         | 12.0000  | 2.0000          | 3.0000             | 1.0000   | 12.0000   

================================================================================
GADGET: Amoeboid Launcher
INTERNAL ID: AmoeboidLauncher
HERO: Lump
-------------------------------------------------------------------------------------------------------------------------------------------------------------------------------------------------------------------------------------------
Level  | Power      | Small Damage  | Medium Damage  | Large Damage  | Small HP  | Medium HP  | Large HP  | Small Lifetime  | Medium Lifetime  | Large Lifetime  | AcidZone Damage  | AcidZone Duration  | Range    | Charges  | Cooldown  
-------------------------------------------------------------------------------------------------------------------------------------------------------------------------------------------------------------------------------------------
1      | 1300.0000  | 39.0000       | 59.0000        | 78.0000       | 91.0000   | 143.0000   | 195.0000  | 10.0000         | 12.5000          | 15.0000         | 10.0000          | 1.0000             | 14.0000  | 1.0000   | 12.0000   
2      | 1580.0000  | 48.0000       | 71.0000        | 95.0000       | 111.0000  | 174.0000   | 238.0000  | 10.0000         | 12.5000          | 15.0000         | 10.0000          | 1.0000             | 14.0000  | 1.0000   | 12.0000   
3      | 1870.0000  | 56.0000       | 84.0000        | 112.0000      | 131.0000  | 205.0000   | 280.0000  | 10.0000         | 12.5000          | 15.0000         | 10.0000          | 1.0000             | 14.0000  | 1.0000   | 12.0000   
4      | 2150.0000  | 65.0000       | 97.0000        | 129.0000      | 151.0000  | 237.0000   | 323.0000  | 10.0000         | 12.5000          | 15.0000         | 10.0000          | 1.0000             | 14.0000  | 1.0000   | 12.0000   
5      | 2430.0000  | 73.0000       | 110.0000       | 146.0000      | 170.0000  | 268.0000   | 365.0000  | 10.0000         | 12.5000          | 15.0000         | 10.0000          | 1.0000             | 14.0000  | 1.0000   | 12.0000   
6      | 2720.0000  | 82.0000       | 122.0000       | 163.0000      | 190.0000  | 299.0000   | 408.0000  | 10.0000         | 12.5000          | 15.0000         | 10.0000          | 1.0000             | 14.0000  | 1.0000   | 12.0000   
7      | 3000.0000  | 90.0000       | 135.0000       | 180.0000      | 210.0000  | 330.0000   | 450.0000  | 10.0000         | 12.5000          | 15.0000         | 10.0000          | 1.0000             | 14.0000  | 1.0000   | 12.0000   
8      | 3280.0000  | 99.0000       | 148.0000       | 197.0000      | 230.0000  | 361.0000   | 493.0000  | 10.0000         | 12.5000          | 15.0000         | 10.0000          | 1.0000             | 14.0000  | 1.0000   | 12.0000   
9      | 3570.0000  | 107.0000      | 161.0000       | 214.0000      | 250.0000  | 392.0000   | 535.0000  | 10.0000         | 12.5000          | 15.0000         | 10.0000          | 1.0000             | 14.0000  | 1.0000   | 12.0000   
10     | 3850.0000  | 116.0000      | 173.0000       | 231.0000      | 270.0000  | 424.0000   | 578.0000  | 10.0000         | 12.5000          | 15.0000         | 10.0000          | 1.0000             | 14.0000  | 1.0000   | 12.0000   

================================================================================
