WEAPON STATS EXPORT
===================

WEAPON: Amoeboid Launcher
---------------------
Level  | Damage      
---------------------
1      | 0.0000      
2      | 0.0000      
3      | 0.0000      
4      | 0.0000      
5      | 0.0000      
6      | 0.0000      
7      | 0.0000      
8      | 0.0000      
9      | 0.0000      
10     | 0.0000      

==================================================
WEAPON: Blackhole Storm
---------------------------------------------------------------------------------
Level  | Power        | Damage       | Range        | MaxAmmo      | ReloadTime  
---------------------------------------------------------------------------------
1      | 1300.0000    | 16.0000      | 35.0000      | 35.0000      | 3.4000      
2      | 1580.0000    | 19.0000      | 35.0000      | 35.0000      | 3.4000      
3      | 1870.0000    | 22.0000      | 35.0000      | 35.0000      | 3.4000      
4      | 2150.0000    | 26.0000      | 35.0000      | 35.0000      | 3.4000      
5      | 2430.0000    | 29.0000      | 35.0000      | 35.0000      | 3.4000      
6      | 2720.0000    | 33.0000      | 35.0000      | 35.0000      | 3.4000      
7      | 3000.0000    | 36.0000      | 35.0000      | 35.0000      | 3.4000      
8      | 3280.0000    | 39.0000      | 35.0000      | 35.0000      | 3.4000      
9      | 3570.0000    | 43.0000      | 35.0000      | 35.0000      | 3.4000      
10     | 3850.0000    | 46.0000      | 35.0000      | 35.0000      | 3.4000      

==================================================
WEAPON: Blitz Gun
---------------------------------------------------------------------------------------------------------------
Level  | Power        | Damage       | Mod Damage   | Fire Rate    | Range        | MaxAmmo      | ReloadTime  
---------------------------------------------------------------------------------------------------------------
1      | 1300.0000    | 104.0000     | 130.0000     | 0.7500       | 22.0000      | 3.0000       | 1.8000      
2      | 1580.0000    | 127.0000     | 159.0000     | 0.7500       | 22.0000      | 3.0000       | 1.8000      
3      | 1870.0000    | 149.0000     | 186.0000     | 0.7500       | 22.0000      | 3.0000       | 1.8000      
4      | 2150.0000    | 172.0000     | 215.0000     | 0.7500       | 22.0000      | 3.0000       | 1.8000      
5      | 2430.0000    | 195.0000     | 244.0000     | 0.7500       | 22.0000      | 3.0000       | 1.8000      
6      | 2720.0000    | 217.0000     | 271.0000     | 0.7500       | 22.0000      | 3.0000       | 1.8000      
7      | 3000.0000    | 240.0000     | 300.0000     | 0.7500       | 22.0000      | 3.0000       | 1.8000      
8      | 3280.0000    | 263.0000     | 329.0000     | 0.7500       | 22.0000      | 3.0000       | 1.8000      
9      | 3570.0000    | 285.0000     | 356.0000     | 0.7500       | 22.0000      | 3.0000       | 1.8000      
10     | 3850.0000    | 308.0000     | 385.0000     | 0.7500       | 22.0000      | 3.0000       | 1.8000      

==================================================
WEAPON: Bombardier
------------------------------------
Level  | Damage       | Mod Damage  
------------------------------------
1      | 117.0000     | 120.0000    
2      | 136.0000     | 140.0000    
3      | 156.0000     | 160.0000    
4      | 175.0000     | 180.0000    
5      | 195.0000     | 200.0000    
6      | 214.0000     | 220.0000    
7      | 234.0000     | 240.0000    
8      | 253.0000     | 260.0000    
9      | 273.0000     | 280.0000    
10     | 292.0000     | 300.0000    

==================================================
WEAPON: Burst Pistol
------------------------------------------------------------------------------------------------
Level  | Power        | Damage       | Fire Rate    | Range        | MaxAmmo      | ReloadTime  
------------------------------------------------------------------------------------------------
1      | 1000.0000    | 8.0000       | 6.0000       | 35.0000      | 30.0000      | 1.4000      
2      | 1300.0000    | 10.0000      | 6.0000       | 35.0000      | 30.0000      | 1.4000      
3      | 1600.0000    | 13.0000      | 6.0000       | 35.0000      | 30.0000      | 1.4000      
4      | 1900.0000    | 15.0000      | 6.0000       | 35.0000      | 30.0000      | 1.4000      
5      | 2200.0000    | 18.0000      | 6.0000       | 35.0000      | 30.0000      | 1.4000      
6      | 2500.0000    | 20.0000      | 6.0000       | 35.0000      | 30.0000      | 1.4000      
7      | 2800.0000    | 22.0000      | 6.0000       | 35.0000      | 30.0000      | 1.4000      
8      | 3100.0000    | 25.0000      | 6.0000       | 35.0000      | 30.0000      | 1.4000      
9      | 3400.0000    | 27.0000      | 6.0000       | 35.0000      | 30.0000      | 1.4000      
10     | 3700.0000    | 30.0000      | 6.0000       | 35.0000      | 30.0000      | 1.4000      

==================================================
WEAPON: Buzzblades
------------------------------------------------------------------------------------------------
Level  | Power        | Damage       | Fire Rate    | Range        | MaxAmmo      | ReloadTime  
------------------------------------------------------------------------------------------------
1      | 1600.0000    | 13.0000      | 2.5000       | 30.0000      | 13.0000      | 1.4000      
2      | 1870.0000    | 15.0000      | 2.5000       | 30.0000      | 13.0000      | 1.4000      
3      | 2130.0000    | 17.0000      | 2.5000       | 30.0000      | 13.0000      | 1.4000      
4      | 2400.0000    | 19.0000      | 2.5000       | 30.0000      | 13.0000      | 1.4000      
5      | 2670.0000    | 21.0000      | 2.5000       | 30.0000      | 13.0000      | 1.4000      
6      | 2930.0000    | 23.0000      | 2.5000       | 30.0000      | 13.0000      | 1.4000      
7      | 3200.0000    | 26.0000      | 2.5000       | 30.0000      | 13.0000      | 1.4000      
8      | 3470.0000    | 28.0000      | 2.5000       | 30.0000      | 13.0000      | 1.4000      
9      | 3730.0000    | 30.0000      | 2.5000       | 30.0000      | 13.0000      | 1.4000      
10     | 4000.0000    | 32.0000      | 2.5000       | 30.0000      | 13.0000      | 1.4000      

==================================================
WEAPON: Cold Snap
---------------------------------------------------------------------------------------------------------------
Level  | Power        | Damage       | Mod Damage   | Fire Rate    | Range        | MaxAmmo      | ReloadTime  
---------------------------------------------------------------------------------------------------------------
1      | 1300.0000    | 85.0000      | 5.0000       | 0.8500       | 30.0000      | 5.0000       | 1.6000      
2      | 1580.0000    | 103.0000     | 6.0000       | 0.8500       | 30.0000      | 5.0000       | 1.6000      
3      | 1870.0000    | 121.0000     | 7.0000       | 0.8500       | 30.0000      | 5.0000       | 1.6000      
4      | 2150.0000    | 140.0000     | 9.0000       | 0.8500       | 30.0000      | 5.0000       | 1.6000      
5      | 2430.0000    | 158.0000     | 10.0000      | 0.8500       | 30.0000      | 5.0000       | 1.6000      
6      | 2720.0000    | 177.0000     | 11.0000      | 0.8500       | 30.0000      | 5.0000       | 1.6000      
7      | 3000.0000    | 195.0000     | 12.0000      | 0.8500       | 30.0000      | 5.0000       | 1.6000      
8      | 3280.0000    | 213.0000     | 13.0000      | 0.8500       | 30.0000      | 5.0000       | 1.6000      
9      | 3570.0000    | 232.0000     | 14.0000      | 0.8500       | 30.0000      | 5.0000       | 1.6000      
10     | 3850.0000    | 250.0000     | 15.0000      | 0.8500       | 30.0000      | 5.0000       | 1.6000      

==================================================
WEAPON: Cryo Slider
------------------------------------
Level  | Damage       | Mod Damage  
------------------------------------
1      | 83.0000      | 6.0000      
2      | 97.0000      | 7.0000      
3      | 111.0000     | 9.0000      
4      | 125.0000     | 10.0000     
5      | 139.0000     | 11.0000     
6      | 153.0000     | 12.0000     
7      | 166.0000     | 13.0000     
8      | 180.0000     | 14.0000     
9      | 194.0000     | 15.0000     
10     | 208.0000     | 16.0000     

==================================================
WEAPON: Headhunter
------------------------------------------------------------------------------------------------
Level  | Power        | Damage       | Range        | MaxAmmo      | ReloadTime   | Cooldown    
------------------------------------------------------------------------------------------------
1      | 1600.0000    | 112.0000     | 65.0000      | 3.0000       | 3.0000       | 1.5400      
2      | 1870.0000    | 131.0000     | 65.0000      | 3.0000       | 3.0000       | 1.5400      
3      | 2130.0000    | 149.0000     | 65.0000      | 3.0000       | 3.0000       | 1.5400      
4      | 2400.0000    | 168.0000     | 65.0000      | 3.0000       | 3.0000       | 1.5400      
5      | 2670.0000    | 187.0000     | 65.0000      | 3.0000       | 3.0000       | 1.5400      
6      | 2930.0000    | 205.0000     | 65.0000      | 3.0000       | 3.0000       | 1.5400      
7      | 3200.0000    | 224.0000     | 65.0000      | 3.0000       | 3.0000       | 1.5400      
8      | 3470.0000    | 243.0000     | 65.0000      | 3.0000       | 3.0000       | 1.5400      
9      | 3730.0000    | 261.0000     | 65.0000      | 3.0000       | 3.0000       | 1.5400      
10     | 4000.0000    | 280.0000     | 65.0000      | 3.0000       | 3.0000       | 1.5400      

==================================================
WEAPON: Holoshield Glove
------------------------------------
Level  | Damage       | Shield HP   
------------------------------------
1      | 32.0000      | 256.0000    
2      | 37.0000      | 299.0000    
3      | 43.0000      | 341.0000    
4      | 48.0000      | 384.0000    
5      | 53.0000      | 427.0000    
6      | 59.0000      | 469.0000    
7      | 64.0000      | 512.0000    
8      | 69.0000      | 555.0000    
9      | 75.0000      | 597.0000    
10     | 80.0000      | 640.0000    

==================================================
WEAPON: Hoverboots
---------------------------------------------------------------------------------
Level  | Power        | Damage       | Fire Rate    | MaxAmmo      | ReloadTime  
---------------------------------------------------------------------------------
1      | 650.0000     | 20.0000      | 2.0000       | 16.0000      | 6.0000      
2      | 790.0000     | 26.0000      | 2.0000       | 16.0000      | 6.0000      
3      | 930.0000     | 32.0000      | 2.0000       | 16.0000      | 6.0000      
4      | 1080.0000    | 38.0000      | 2.0000       | 16.0000      | 6.0000      
5      | 1220.0000    | 44.0000      | 2.0000       | 16.0000      | 6.0000      
6      | 1360.0000    | 50.0000      | 2.0000       | 16.0000      | 6.0000      
7      | 1500.0000    | 56.0000      | 2.0000       | 16.0000      | 6.0000      
8      | 1640.0000    | 62.0000      | 2.0000       | 16.0000      | 6.0000      
9      | 1780.0000    | 68.0000      | 2.0000       | 16.0000      | 6.0000      
10     | 1930.0000    | 74.0000      | 2.0000       | 16.0000      | 6.0000      

==================================================
WEAPON: Lava Gun
---------------------------------------------------------------------------------------------------------------
Level  | Power        | Damage       | Mod Damage   | Fire Rate    | Range        | MaxAmmo      | ReloadTime  
---------------------------------------------------------------------------------------------------------------
1      | 1300.0000    | 33.0000      | 4.0000       | 8.0000       | 26.0000      | 60.0000      | 3.0000      
2      | 1580.0000    | 40.0000      | 5.0000       | 8.0000       | 26.0000      | 60.0000      | 3.0000      
3      | 1870.0000    | 47.0000      | 6.0000       | 8.0000       | 26.0000      | 60.0000      | 3.0000      
4      | 2150.0000    | 54.0000      | 6.0000       | 8.0000       | 26.0000      | 60.0000      | 3.0000      
5      | 2430.0000    | 61.0000      | 7.0000       | 8.0000       | 26.0000      | 60.0000      | 3.0000      
6      | 2720.0000    | 68.0000      | 8.0000       | 8.0000       | 26.0000      | 60.0000      | 3.0000      
7      | 3000.0000    | 75.0000      | 9.0000       | 8.0000       | 26.0000      | 60.0000      | 3.0000      
8      | 3280.0000    | 82.0000      | 10.0000      | 8.0000       | 26.0000      | 60.0000      | 3.0000      
9      | 3570.0000    | 89.0000      | 11.0000      | 8.0000       | 26.0000      | 60.0000      | 3.0000      
10     | 3850.0000    | 96.0000      | 12.0000      | 8.0000       | 26.0000      | 60.0000      | 3.0000      

==================================================
WEAPON: MineLauncher
------------------------------------
Level  | Damage       | Mod Damage  
------------------------------------
1      | 143.0000     | 286.0000    
2      | 174.0000     | 348.0000    
3      | 205.0000     | 411.0000    
4      | 237.0000     | 473.0000    
5      | 268.0000     | 535.0000    
6      | 299.0000     | 598.0000    
7      | 330.0000     | 660.0000    
8      | 361.0000     | 722.0000    
9      | 392.0000     | 785.0000    
10     | 424.0000     | 847.0000    

==================================================
WEAPON: Plasma Striker
---------------------------------------------------------------------------------------------------------------
Level  | Power        | Damage       | Mod Damage   | Range        | MaxAmmo      | ReloadTime   | Cooldown    
---------------------------------------------------------------------------------------------------------------
1      | 1300.0000    | 39.0000      | 47.0000      | 65.0000      | 6.0000       | 3.0000       | 0.9100      
2      | 1580.0000    | 48.0000      | 58.0000      | 65.0000      | 6.0000       | 3.0000       | 0.9100      
3      | 1870.0000    | 56.0000      | 67.0000      | 65.0000      | 6.0000       | 3.0000       | 0.9100      
4      | 2150.0000    | 65.0000      | 78.0000      | 65.0000      | 6.0000       | 3.0000       | 0.9100      
5      | 2430.0000    | 73.0000      | 88.0000      | 65.0000      | 6.0000       | 3.0000       | 0.9100      
6      | 2720.0000    | 82.0000      | 98.0000      | 65.0000      | 6.0000       | 3.0000       | 0.9100      
7      | 3000.0000    | 90.0000      | 108.0000     | 65.0000      | 6.0000       | 3.0000       | 0.9100      
8      | 3280.0000    | 99.0000      | 119.0000     | 65.0000      | 6.0000       | 3.0000       | 0.9100      
9      | 3570.0000    | 107.0000     | 128.0000     | 65.0000      | 6.0000       | 3.0000       | 0.9100      
10     | 3850.0000    | 116.0000     | 139.0000     | 65.0000      | 6.0000       | 3.0000       | 0.9100      

==================================================
WEAPON: Pyrocitor
---------------------------------------------------------------------------------------------------------------
Level  | Power        | Damage       | Mod Damage   | Fire Rate    | Range        | MaxAmmo      | ReloadTime  
---------------------------------------------------------------------------------------------------------------
1      | 1300.0000    | 33.0000      | 50.0000      | 2.0000       | 18.0000      | 12.0000      | 1.8000      
2      | 1580.0000    | 40.0000      | 60.0000      | 2.0000       | 18.0000      | 12.0000      | 1.8000      
3      | 1870.0000    | 47.0000      | 71.0000      | 2.0000       | 18.0000      | 12.0000      | 1.8000      
4      | 2150.0000    | 54.0000      | 81.0000      | 2.0000       | 18.0000      | 12.0000      | 1.8000      
5      | 2430.0000    | 61.0000      | 92.0000      | 2.0000       | 18.0000      | 12.0000      | 1.8000      
6      | 2720.0000    | 68.0000      | 102.0000     | 2.0000       | 18.0000      | 12.0000      | 1.8000      
7      | 3000.0000    | 75.0000      | 113.0000     | 2.0000       | 18.0000      | 12.0000      | 1.8000      
8      | 3280.0000    | 82.0000      | 123.0000     | 2.0000       | 18.0000      | 12.0000      | 1.8000      
9      | 3570.0000    | 89.0000      | 134.0000     | 2.0000       | 18.0000      | 12.0000      | 1.8000      
10     | 3850.0000    | 96.0000      | 144.0000     | 2.0000       | 18.0000      | 12.0000      | 1.8000      

==================================================
WEAPON: Scorpion Flail
------------------------------------------------------------------
Level  | Spin Dmg     | Slam Dmg     | Fire Rate    | Range       
------------------------------------------------------------------
1      | 42.0000      | 21.0000      | 1.0000       | 9.0000      
2      | 50.4000      | 25.2000      | 1.0500       | 9.1800      
3      | 58.8000      | 29.4000      | 1.1000       | 9.3600      
4      | 67.2000      | 33.6000      | 1.1500       | 9.5400      
5      | 75.6000      | 37.8000      | 1.2000       | 9.7200      
6      | 84.0000      | 42.0000      | 1.2500       | 9.9000      
7      | 92.4000      | 46.2000      | 1.3000       | 10.0800     
8      | 100.8000     | 50.4000      | 1.3500       | 10.2600     
9      | 109.2000     | 54.6000      | 1.4000       | 10.4400     
10     | 117.6000     | 58.8000      | 1.4500       | 10.6200     

==================================================
WEAPON: Shatterbomb
---------------------------------------------------------------------------------------------------------------
Level  | Power        | Damage       | Mod Damage   | Fire Rate    | Range        | MaxAmmo      | ReloadTime  
---------------------------------------------------------------------------------------------------------------
1      | 1000.0000    | 75.0000      | 25.0000      | 0.7500       | 30.0000      | 5.0000       | 1.8000      
2      | 1300.0000    | 98.0000      | 33.0000      | 0.7500       | 30.0000      | 5.0000       | 1.8000      
3      | 1600.0000    | 120.0000     | 40.0000      | 0.7500       | 30.0000      | 5.0000       | 1.8000      
4      | 1900.0000    | 143.0000     | 48.0000      | 0.7500       | 30.0000      | 5.0000       | 1.8000      
5      | 2200.0000    | 165.0000     | 55.0000      | 0.7500       | 30.0000      | 5.0000       | 1.8000      
6      | 2500.0000    | 188.0000     | 63.0000      | 0.7500       | 30.0000      | 5.0000       | 1.8000      
7      | 2800.0000    | 210.0000     | 70.0000      | 0.7500       | 30.0000      | 5.0000       | 1.8000      
8      | 3100.0000    | 233.0000     | 78.0000      | 0.7500       | 30.0000      | 5.0000       | 1.8000      
9      | 3400.0000    | 255.0000     | 85.0000      | 0.7500       | 30.0000      | 5.0000       | 1.8000      
10     | 3700.0000    | 278.0000     | 93.0000      | 0.7500       | 30.0000      | 5.0000       | 1.8000      

==================================================
WEAPON: Suck Cannon
------------------------------------------------------------------------------------------------
Level  | Power        | Damage       | Fire Rate    | Range        | MaxAmmo      | ReloadTime  
------------------------------------------------------------------------------------------------
1      | 650.0000     | 33.0000      | 2.0000       | 24.0000      | 12.0000      | 2.9000      
2      | 790.0000     | 40.0000      | 2.0000       | 24.0000      | 12.0000      | 2.9000      
3      | 930.0000     | 47.0000      | 2.0000       | 24.0000      | 12.0000      | 2.9000      
4      | 1080.0000    | 54.0000      | 2.0000       | 24.0000      | 12.0000      | 2.9000      
5      | 1220.0000    | 61.0000      | 2.0000       | 24.0000      | 12.0000      | 2.9000      
6      | 1360.0000    | 68.0000      | 2.0000       | 24.0000      | 12.0000      | 2.9000      
7      | 1500.0000    | 75.0000      | 2.0000       | 24.0000      | 12.0000      | 2.9000      
8      | 1640.0000    | 82.0000      | 2.0000       | 24.0000      | 12.0000      | 2.9000      
9      | 1780.0000    | 89.0000      | 2.0000       | 24.0000      | 12.0000      | 2.9000      
10     | 1930.0000    | 96.0000      | 2.0000       | 24.0000      | 12.0000      | 2.9000      

==================================================
WEAPON: Tesla Claw
---------------------------------------------------------------------------------------------------------------
Level  | Power        | Damage       | Mod Damage   | Fire Rate    | Range        | MaxAmmo      | ReloadTime  
---------------------------------------------------------------------------------------------------------------
1      | 1000.0000    | 20.0000      | 20.0000      | 2.0000       | 22.0000      | 10.0000      | 1.3000      
2      | 1300.0000    | 26.0000      | 26.0000      | 2.0000       | 22.0000      | 10.0000      | 1.3000      
3      | 1600.0000    | 32.0000      | 32.0000      | 2.0000       | 22.0000      | 10.0000      | 1.3000      
4      | 1900.0000    | 38.0000      | 38.0000      | 2.0000       | 22.0000      | 10.0000      | 1.3000      
5      | 2200.0000    | 44.0000      | 44.0000      | 2.0000       | 22.0000      | 10.0000      | 1.3000      
6      | 2500.0000    | 50.0000      | 50.0000      | 2.0000       | 22.0000      | 10.0000      | 1.3000      
7      | 2800.0000    | 56.0000      | 56.0000      | 2.0000       | 22.0000      | 10.0000      | 1.3000      
8      | 3100.0000    | 62.0000      | 62.0000      | 2.0000       | 22.0000      | 10.0000      | 1.3000      
9      | 3400.0000    | 68.0000      | 68.0000      | 2.0000       | 22.0000      | 10.0000      | 1.3000      
10     | 3700.0000    | 74.0000      | 74.0000      | 2.0000       | 22.0000      | 10.0000      | 1.3000      

==================================================
WEAPON: The Enforcer
------------------------------------------------------------------------------------------------
Level  | Power        | Damage       | Fire Rate    | Range        | MaxAmmo      | ReloadTime  
------------------------------------------------------------------------------------------------
1      | 1300.0000    | 72.0000      | 0.7500       | 18.0000      | 6.0000       | 3.0000      
2      | 1580.0000    | 87.0000      | 0.7500       | 18.0000      | 6.0000       | 3.0000      
3      | 1870.0000    | 103.0000     | 0.7500       | 18.0000      | 6.0000       | 3.0000      
4      | 2150.0000    | 118.0000     | 0.7500       | 18.0000      | 6.0000       | 3.0000      
5      | 2430.0000    | 134.0000     | 0.7500       | 18.0000      | 6.0000       | 3.0000      
6      | 2720.0000    | 149.0000     | 0.7500       | 18.0000      | 6.0000       | 3.0000      
7      | 3000.0000    | 165.0000     | 0.7500       | 18.0000      | 6.0000       | 3.0000      
8      | 3280.0000    | 181.0000     | 0.7500       | 18.0000      | 6.0000       | 3.0000      
9      | 3570.0000    | 196.0000     | 0.7500       | 18.0000      | 6.0000       | 3.0000      
10     | 3850.0000    | 212.0000     | 0.7500       | 18.0000      | 6.0000       | 3.0000      

==================================================
WEAPON: Void Repulser
------------------------------------------------------------------
Level  | Power        | Damage       | Shield HP    | ReloadTime  
------------------------------------------------------------------
1      | 500.0000     | 26.0000      | 260.0000     | 6.0000      
2      | 650.0000     | 32.0000      | 317.0000     | 6.0000      
3      | 800.0000     | 37.0000      | 373.0000     | 6.0000      
4      | 950.0000     | 43.0000      | 430.0000     | 6.0000      
5      | 1100.0000    | 49.0000      | 487.0000     | 6.0000      
6      | 1250.0000    | 54.0000      | 543.0000     | 6.0000      
7      | 1400.0000    | 60.0000      | 600.0000     | 6.0000      
8      | 1550.0000    | 66.0000      | 657.0000     | 6.0000      
9      | 1700.0000    | 71.0000      | 713.0000     | 6.0000      
10     | 1850.0000    | 77.0000      | 770.0000     | 6.0000      

==================================================
WEAPON: Warmonger
---------------------------------------------------------------------------------------------------------------
Level  | Power        | Damage       | Mod Damage   | Fire Rate    | Range        | MaxAmmo      | ReloadTime  
---------------------------------------------------------------------------------------------------------------
1      | 1600.0000    | 136.0000     | 10.0000      | 0.6500       | 30.0000      | 3.0000       | 3.0000      
2      | 1870.0000    | 159.0000     | 11.0000      | 0.6500       | 30.0000      | 3.0000       | 3.0000      
3      | 2130.0000    | 181.0000     | 13.0000      | 0.6500       | 30.0000      | 3.0000       | 3.0000      
4      | 2400.0000    | 204.0000     | 14.0000      | 0.6500       | 30.0000      | 3.0000       | 3.0000      
5      | 2670.0000    | 227.0000     | 16.0000      | 0.6500       | 30.0000      | 3.0000       | 3.0000      
6      | 2930.0000    | 249.0000     | 18.0000      | 0.6500       | 30.0000      | 3.0000       | 3.0000      
7      | 3200.0000    | 272.0000     | 19.0000      | 0.6500       | 30.0000      | 3.0000       | 3.0000      
8      | 3470.0000    | 295.0000     | 21.0000      | 0.6500       | 30.0000      | 3.0000       | 3.0000      
9      | 3730.0000    | 317.0000     | 22.0000      | 0.6500       | 30.0000      | 3.0000       | 3.0000      
10     | 4000.0000    | 340.0000     | 24.0000      | 0.6500       | 30.0000      | 3.0000       | 3.0000      

==================================================
